0,393
0,392
0,391
0,390
24,35
0,389
0,388
29,5
0,387
0,386
0,385
29,4
29,3
29,2
29,1
29,0
28,4
28,3
28,2
28,1
28,0
0,384
0,319
0,318
27,4
27,3
27,2
27,1
27,0
0,317
0,316
26,4
26,3
26,2
0,283
0,243
26,1
26,0
25,3
25,2
0,9
25,1
25,0
3,1
3,3
10,222
10,150
10,134
10,130
10,10
10,80
11,12
11,4
11,18
9,7
9,4
9,6
8,13
8,15
8,16
8,17
20,2
20,1
20,3
19,2
19,1
12,3
12,2
19,3
12,1
11,30
11,29
11,28
11,27
11,26
11,25
11,24
11,23
11,22
11,21
11,20
11,16
11,15
11,7
11,6
11,3
11,2
11,1
10,317
10,316
10,315
10,314
10,313
